0 28
1 106
2 87
3 19
4 58
5 88
6 28
7 82
8 77
9 56
10 28
11 38
12 87
13 19
14 87
15 79
16 82
17 42
18 28
19 77
20 82
21 28
22 28
23 182
24 56
25 87
26 28
27 31
28 58
29 53
30 53
31 105
32 42
33 87
34 53
35 28
36 28
37 28
38 79
39 53
40 77
41 82
42 5
43 87
44 82
45 28
46 87
47 56
48 53
49 56
50 87
51 79
52 86
53 182
54 42
55 87
56 77
57 28
58 77
59 79
60 53
61 79
62 28
63 77
64 5
65 77
66 28
67 42
68 46
69 87
70 53
71 28
72 121
73 19
74 56
75 121
76 28
77 19
78 79
79 56
80 28
81 77
82 56
83 87
84 105
85 87
86 56
87 191
88 77
89 56
90 56
91 53
92 87
93 28
94 53
95 5
96 7
97 53
98 58
99 87
100 82
101 53
102 79
103 28
104 28
105 82
106 0
107 87
108 134
109 82
110 87
111 42
112 53
113 58
114 77
115 87
116 87
117 77
118 28
119 56
120 58
121 58
122 56
123 87
124 79
125 53
126 77
127 42
128 87
129 28
130 77
131 28
132 95
133 28
134 28
135 56
136 28
137 79
138 79
139 87
140 77
141 56
142 28
143 42
144 58
145 58
146 28
147 79
148 121
149 56
150 58
151 87
152 11
153 53
154 53
155 28
156 58
157 28
158 58
159 134
160 77
161 53
162 87
163 58
164 87
165 58
166 182
167 56
168 82
169 19
170 0
171 77
172 42
173 19
174 158
175 28
176 58
177 28
178 77
179 42
180 9
181 87
182 87
183 28
184 5
185 82
186 53
187 58
188 5
189 56
190 87
191 28
192 77
193 58
194 28
195 58
196 87
197 56
198 16
199 53
200 28
201 0
202 28
203 56
204 28
205 56
206 87
207 28
208 28
209 87
210 79
211 79
212 58
213 28
214 58
215 87
216 87
217 28
218 87
219 158
220 77
221 86
222 140
223 28
224 53
225 82
226 28
227 87
228 42
229 79
230 28
231 28
232 58
233 87
234 58
235 56
236 14
237 28
238 79
239 184
240 77
241 19
242 77
243 144
244 58
245 87
246 56
247 42
248 87
249 86
250 77
251 77
252 19
253 58
254 28
255 56
256 87
257 58
258 87
259 79
260 77
261 56
262 28
263 19
264 58
265 28
266 77
267 82
268 58
269 79
270 28
271 79
272 28
273 86
274 53
275 105
276 53
277 28
278 53
279 79
280 28
281 56
282 58
283 79
284 5
285 87
286 77
287 106
288 53
289 5
290 87
291 11
292 28
293 77
294 77
295 182
296 56
297 134
298 8
299 182
300 82
301 77
302 105
303 87
304 64
305 79
306 87
307 28
308 19
309 86
310 28
311 19
312 28
313 58
314 42
315 87
316 31
317 191
318 77
319 53
320 87
321 82
322 28
323 28
324 87
325 42
326 58
327 58
328 58
329 56
330 82
331 0
332 19
333 88
334 87
335 82
336 86
337 31
338 82
339 28
340 86
341 105
342 173
343 28
344 19
345 56
346 77
347 87
348 28
349 77
350 56
351 86
352 56
353 58
354 53
355 79
356 28
357 86
358 79
359 28
360 87
361 77
362 77
363 87
364 77
365 56
366 28
367 53
368 158
369 53
370 87
371 28
372 87
373 58
374 53
375 77
376 87
377 87
378 58
379 87
380 87
381 58
382 86
383 11
384 86
385 87
386 63
387 58
388 82
389 82
390 87
391 87
392 28
393 87
394 82
395 77
396 87
397 28
398 121
399 105
400 28
401 79
402 3
403 79
404 28
405 182
406 42
407 28
408 181
409 77
410 87
411 28
412 53
413 79
414 44
415 87
416 87
417 58
418 42
419 49
420 87
421 28
422 58
423 58
424 105
425 77
426 56
427 86
428 58
429 77
430 58
431 56
432 58
433 27
434 58
435 79
436 105
437 0
438 53
439 86
440 87
441 137
442 42
443 79
444 53
445 182
446 77
447 87
448 77
449 77
450 56
451 87
452 53
453 38
454 19
455 11
