1.000000000000000000e+00 6.309297535714574190e-01
0.000000000000000000e+00 0.000000000000000000e+00
1.000000000000000000e+00 1.000000000000000000e+00
5.000000000000000000e-01 6.131471927654584819e-01
0.000000000000000000e+00 0.000000000000000000e+00
1.000000000000000000e+00 4.306765580733930565e-01
1.000000000000000000e+00 9.197207891481876674e-01
1.000000000000000000e+00 2.789429456511298144e-01
6.666666666666666297e-01 3.124437827055499550e-01
1.000000000000000000e+00 1.000000000000000000e+00
1.000000000000000000e+00 1.000000000000000000e+00
0.000000000000000000e+00 0.000000000000000000e+00
1.000000000000000000e+00 2.702381544273197433e-01
1.000000000000000000e+00 6.309297535714574190e-01
1.000000000000000000e+00 3.868528072345416291e-01
1.000000000000000000e+00 6.309297535714574190e-01
0.000000000000000000e+00 0.000000000000000000e+00
1.000000000000000000e+00 1.000000000000000000e+00
1.000000000000000000e+00 2.789429456511298144e-01
1.000000000000000000e+00 8.758330319477191095e-01
0.000000000000000000e+00 0.000000000000000000e+00
0.000000000000000000e+00 0.000000000000000000e+00
1.000000000000000000e+00 5.000000000000000000e-01
1.000000000000000000e+00 3.562071871080221830e-01
1.000000000000000000e+00 1.000000000000000000e+00
1.000000000000000000e+00 2.398124665681314605e-01
1.000000000000000000e+00 3.562071871080221830e-01
0.000000000000000000e+00 0.000000000000000000e+00
0.000000000000000000e+00 0.000000000000000000e+00
1.000000000000000000e+00 2.500000000000000000e-01
1.000000000000000000e+00 1.000000000000000000e+00
1.000000000000000000e+00 6.240505200038377609e-01
1.000000000000000000e+00 6.309297535714574190e-01
1.000000000000000000e+00 5.109559939712153831e-01
1.000000000000000000e+00 3.010299956639811425e-01
1.000000000000000000e+00 2.626495350371935711e-01
1.000000000000000000e+00 7.977228895450266810e-01
1.000000000000000000e+00 5.000000000000000000e-01
1.000000000000000000e+00 1.000000000000000000e+00
1.000000000000000000e+00 2.500000000000000000e-01
1.000000000000000000e+00 1.000000000000000000e+00
1.000000000000000000e+00 3.868528072345416291e-01
1.000000000000000000e+00 4.306765580733930565e-01
5.000000000000000000e-01 3.488355273589519023e-01
1.000000000000000000e+00 9.197207891481876674e-01
1.000000000000000000e+00 1.000000000000000000e+00
1.000000000000000000e+00 1.000000000000000000e+00
1.000000000000000000e+00 3.868528072345416291e-01
1.000000000000000000e+00 1.000000000000000000e+00
1.000000000000000000e+00 6.309297535714574190e-01
1.000000000000000000e+00 1.000000000000000000e+00
1.000000000000000000e+00 1.000000000000000000e+00
1.000000000000000000e+00 4.306765580733930565e-01
1.000000000000000000e+00 4.306765580733930565e-01
0.000000000000000000e+00 0.000000000000000000e+00
1.000000000000000000e+00 1.000000000000000000e+00
1.000000000000000000e+00 3.154648767857287095e-01
1.000000000000000000e+00 6.309297535714574190e-01
1.000000000000000000e+00 2.626495350371935711e-01
1.000000000000000000e+00 5.000000000000000000e-01
1.000000000000000000e+00 2.354089133666382450e-01
1.000000000000000000e+00 6.309297535714574190e-01
1.000000000000000000e+00 5.000000000000000000e-01
1.000000000000000000e+00 1.000000000000000000e+00
1.000000000000000000e+00 3.868528072345416291e-01
1.000000000000000000e+00 1.000000000000000000e+00
1.000000000000000000e+00 3.868528072345416291e-01
1.000000000000000000e+00 3.154648767857287095e-01
0.000000000000000000e+00 0.000000000000000000e+00
1.000000000000000000e+00 2.313782131597591496e-01
0.000000000000000000e+00 0.000000000000000000e+00
1.000000000000000000e+00 4.306765580733930565e-01
0.000000000000000000e+00 0.000000000000000000e+00
1.000000000000000000e+00 6.309297535714574190e-01
0.000000000000000000e+00 0.000000000000000000e+00
1.000000000000000000e+00 1.000000000000000000e+00
1.000000000000000000e+00 9.990873331725762529e-01
1.000000000000000000e+00 6.309297535714574190e-01
1.000000000000000000e+00 5.000000000000000000e-01
1.000000000000000000e+00 1.000000000000000000e+00
1.000000000000000000e+00 1.000000000000000000e+00
1.000000000000000000e+00 1.000000000000000000e+00
1.000000000000000000e+00 3.868528072345416291e-01
1.000000000000000000e+00 3.333333333333333148e-01
1.000000000000000000e+00 3.333333333333333148e-01
1.000000000000000000e+00 1.000000000000000000e+00
1.000000000000000000e+00 1.000000000000000000e+00
5.000000000000000000e-01 1.656957657652295413e-01
1.000000000000000000e+00 9.197207891481876674e-01
0.000000000000000000e+00 0.000000000000000000e+00
5.999999999999999778e-01 4.364597551790087571e-01
0.000000000000000000e+00 0.000000000000000000e+00
1.000000000000000000e+00 6.309297535714574190e-01
1.000000000000000000e+00 6.309297535714574190e-01
1.000000000000000000e+00 1.000000000000000000e+00
1.000000000000000000e+00 5.548265038690207707e-01
1.000000000000000000e+00 1.000000000000000000e+00
1.000000000000000000e+00 3.264445986455623561e-01
1.000000000000000000e+00 1.000000000000000000e+00
1.000000000000000000e+00 4.306765580733930565e-01
1.000000000000000000e+00 1.000000000000000000e+00
1.000000000000000000e+00 6.309297535714574190e-01
1.000000000000000000e+00 5.000000000000000000e-01
1.000000000000000000e+00 7.574875071481796951e-01
1.000000000000000000e+00 6.309297535714574190e-01
1.000000000000000000e+00 4.306765580733930565e-01
1.000000000000000000e+00 1.000000000000000000e+00
1.000000000000000000e+00 3.154648767857287095e-01
1.000000000000000000e+00 5.000000000000000000e-01
1.000000000000000000e+00 1.000000000000000000e+00
1.000000000000000000e+00 4.306765580733930565e-01
5.555555555555555802e-01 3.998349953830290793e-01
1.000000000000000000e+00 1.000000000000000000e+00
1.000000000000000000e+00 5.000000000000000000e-01
0.000000000000000000e+00 0.000000000000000000e+00
1.000000000000000000e+00 4.306765580733930565e-01
5.000000000000000000e-01 3.868528072345416291e-01
0.000000000000000000e+00 0.000000000000000000e+00
1.000000000000000000e+00 3.333333333333333148e-01
6.666666666666666297e-01 5.769736296511385198e-01
1.000000000000000000e+00 2.789429456511298144e-01
0.000000000000000000e+00 0.000000000000000000e+00
1.000000000000000000e+00 1.000000000000000000e+00
1.000000000000000000e+00 1.000000000000000000e+00
1.000000000000000000e+00 6.309297535714574190e-01
1.000000000000000000e+00 1.000000000000000000e+00
1.000000000000000000e+00 3.100360801479508099e-01
1.000000000000000000e+00 3.154648767857287095e-01
0.000000000000000000e+00 0.000000000000000000e+00
1.000000000000000000e+00 3.562071871080221830e-01
7.500000000000000000e-01 4.229117208247768489e-01
1.000000000000000000e+00 3.154648767857287095e-01
1.000000000000000000e+00 4.306765580733930565e-01
1.000000000000000000e+00 1.000000000000000000e+00
1.000000000000000000e+00 2.789429456511298144e-01
1.000000000000000000e+00 1.000000000000000000e+00
0.000000000000000000e+00 0.000000000000000000e+00
1.000000000000000000e+00 1.000000000000000000e+00
1.000000000000000000e+00 2.398124665681314605e-01
5.000000000000000000e-01 2.371977127692962428e-01
0.000000000000000000e+00 0.000000000000000000e+00
1.000000000000000000e+00 6.309297535714574190e-01
0.000000000000000000e+00 0.000000000000000000e+00
1.000000000000000000e+00 5.000000000000000000e-01
1.000000000000000000e+00 4.306765580733930565e-01
2.500000000000000000e-01 3.903800499921017408e-01
1.000000000000000000e+00 1.000000000000000000e+00
1.000000000000000000e+00 4.306765580733930565e-01
5.000000000000000000e-01 1.656957657652295413e-01
0.000000000000000000e+00 0.000000000000000000e+00
0.000000000000000000e+00 0.000000000000000000e+00
1.000000000000000000e+00 1.000000000000000000e+00
1.000000000000000000e+00 8.772153153380494173e-01
1.000000000000000000e+00 5.000000000000000000e-01
0.000000000000000000e+00 0.000000000000000000e+00
1.000000000000000000e+00 6.309297535714574190e-01
1.000000000000000000e+00 1.000000000000000000e+00
1.000000000000000000e+00 6.309297535714574190e-01
6.666666666666666297e-01 4.232797143798485706e-01
1.000000000000000000e+00 1.000000000000000000e+00
0.000000000000000000e+00 0.000000000000000000e+00
0.000000000000000000e+00 0.000000000000000000e+00
1.000000000000000000e+00 1.000000000000000000e+00
5.000000000000000000e-01 3.065735963827292410e-01
1.000000000000000000e+00 1.000000000000000000e+00
1.000000000000000000e+00 6.309297535714574190e-01
0.000000000000000000e+00 0.000000000000000000e+00
0.000000000000000000e+00 0.000000000000000000e+00
1.000000000000000000e+00 1.000000000000000000e+00
1.000000000000000000e+00 3.562071871080221830e-01
1.000000000000000000e+00 2.354089133666382450e-01
3.333333333333333148e-01 1.834397578992142952e-01
